999342
576607
266564
249861
37918
830432
68321
821341
340763
583181
398832
71304
863634
3397
129745
182981
499
562878
732611
606509
127786
510295
803946
694068
685736
12609
919352
378085
765628
78256
682243
481517
432483
161622
746868
449718
10442
183240
55458
376810
905476
322783
972001
997050
561270
145408
948153
595885
549992
23255
653375
353087
25375
568578
979945
976972
503168
571686
92515
401374
927034
209253
473535
789351
571118
95374
66906
634284
22645
993061
60253
20542
636209
776379
633183
440417
134247
851385
395340
28842
431426
10807
25343
800143
44085
806463
825553
133455
762948
383395
664110
591868
916854
502051
552380
366200
13153
550675
552375
634974
543696
381962
876921
803572
46443
486207
864498
685152
106367
900189
944352
646539
91036
903978
625426
677640
824371
743412
504960
712357
149145
161261
833430
754866
920678
443127
673356
64488
989446
446924
768175
257884
433996
553735
710838
218640
690796
300769
762277
23279
210083
804205
422179
93027
701737
802004
315344
487367
703557
777794
304389
707130
477971
755
963569
391128
447988
672616
192669
854705
823319
786573
15377
951519
931464
876727
900179
374696
774671
929691
954430
763528
4784
829283
525750
92979
503913
921959
72014
836810
927188
106881
769444
334828
81591
37361
69440
93517
961703
631962
136362
9313
890789
828240
53528
339653
280963
424663
206608
74248
235543
924787
631366
880191
311245
847835
233609
10813
886874
951583
541837
936553
768619
555154
899317
592593
403525
208975
131391
812479
850986
784112
418589
584494
219040
559694
422510
695637
542355
484508
629511
66357
132874
908309
544544
813983
816691
951912
893784
120668
956308
5037
698240
884028
762350
566707
782749
808799
572505
369339
246146
193971
995500
915794
590343
125761
976132
766096
415651
730766
542407
406843
351908
830535
426508
405554
862759
83349
718883
412080
219519
246736
644728
252342
109662
285512
92720
191975
13656
199745
708000
615695
802875
767667
971417
110239
49248
190673
136776
472
695356
397947
683578
93266
454601
128219
298960
886809
993517
732501
395587
397651
333969
896438
954040
299299
880051
423368
186928
834755
824563
701017
733290
17574
700797
39843
909485
361107
302106
987715
897249
654572
683390
75254
702421
342340
25496
227693
834868
943661
975495
406771
506708
333312
534534
527055
213930
477367
560246
533621
501594
960427
683695
63456
213455
690025
309897
86842
432463
357587
424387
179779
189811
54500
885884
966431
803858
599046
93977
925826
373903
21405
979749
93138
132164
407009
718874
849928
297732
995175
113277
732081
896493
566184
344930
525832
678750
956580
57324
892735
277492
728300
473170
339096
908708
5699
194729
170961
690894
865225
60290
3618
520724
624944
206052
209815
256981
189843
846041
835941
515624
601481
313637
501782
298237
878947
226220
55926
222296
651533
333060
451275
165344
539090
124351
173307
194293
999451
706013
738744
440308
429829
108051
467231
403696
556916
860720
910826
579781
758402
465927
808615
809233
16613
568959
943432
611729
262763
401737
671537
313043
395762
713570
575017
921734
463345
504748
2042
16668
615474
486184
665549
817325
878180
768025
894634
592606
902323
536130
104570
626094
964761
474438
727429
530426
285129
712584
499344
718637
200833
327486
731453
242891
357221
839391
32616
919563
336665
824248
984849
67601
211822
692539
292588
474157
734710
939544
219512
762159
739369
495074
611716
808554
241447
697831
523251
271798
450186
391929
342206
767741
674873
284024
337479
418770
958567
717263
893435
922377
511387
567064
46459
700970
302293
157359
865788
309911
806080
666577
565878
204365
426184
287318
325826
527269
103756
550008
403152
491703
379153
544982
567326
376108
813340
378695
334458
70558
759857
583693
328026
682557
303201
748730
376651
432139
993537
533207
665179
637669
34956
551685
807998
226567
660058
53621
143709
62436
897310
293368
242178
958917
168450
492318
380319
694065
884571
542738
338542
361183
775756
213134
379088
643857
593373
90027
162445
34898
922341
47778
882671
794897
911910
480476
149373
910864
157035
41544
964525
278612
10541
322952
84411
608897
639694
600087
999613
901854
825450
84801
3087
134465
741741
112766
272002
537750
410315
271756
131464
874949
245734
326539
8379
955070
704883
47091
906474
412873
150787
939539
974617
148244
29028
811225
504020
243006
292446
631802
94632
471013
609304
683730
671755
803455
221742
389930
53779
259986
77767
600256
690436
807290
450790
887015
100795
544420
283155
104967
374316
276122
519878
969529
790239
757231
447621
707150
986291
701386
89036
331149
376593
974018
569983
849195
284018
794363
152097
457170
246258
39305
462878
105479
166285
617388
4592
377312
315871
87925
75812
111340
314545
369598
123030
389077
958631
263040
13131
386003
298758
120541
245637
648332
157075
365336
73814
965971
845540
484028
528002
436924
139792
348187
301863
774273
690155
339890
366714
224358
443357
570003
267521
589527
385848
118959
682828
153451
388633
806487
498524
775549
843705
516897
173055
123413
296104
422895
929231
913703
372559
5736
92607
547443
143186
826692
935846
355561
931343
517717
634044
23153
73111
831072
186839
637153
41103
424321
534256
269533
395900
407469
415711
661954
294347
833995
458539
30635
287912
259496
490378
364736
181769
987836
692000
780840
201570
325580
208352
764918
785721
711194
97653
748657
568439
809607
503226
648888
311578
30332
889049
820743
383115
576020
447900
107192
268262
878698
987062
252942
324075
230417
799372
142654
644745
259459
138103
722215
924499
273296
19541
850355
204315
941778
175817
883518
577061
988019
200171
870194
804217
373901
962203
700364
173043
807669
78003
243906
554091
205176
658999
944199
523297
216850
165560
638023
590338
55530
314909
472561
207617
455616
579758
500768
944264
159511
491859
988899
21531
77386
216512
213421
303969
688729
422972
22303
945468
855622
331888
65851
126636
442902
399223
537834
432407
475677
537804
221396
269105
617512
629532
30745
357164
99667
622061
836292
901231
60964
374462
645270
56620
940951
147874
294785
437230
450021
386681
969846
530228
55683
682256
33163
393302
262273
774237
406899
898981
629562
964949
608143
124269
789441
500341
687489
224803
821193
124067
104380
819477
506248
739219
687545
793739
674494
60277
172811
564904
448886
5800
74614
795976
541042
405901
377819
343558
510193
810706
171052
938153
524518
99345
329367
787384
690341
486619
670221
694396
681524
417605
551981
128386
866226
764693
51249
591922
957523
310400
124145
681927
12480
44203
371047
280110
715775
697007
569598
510453
580213
946734
417038
529598
950717
506772
995748
621564
506437
56027
190086
405396
816111
401015
289683
249981
624452
103254
933322
752307
853516
220726
747655
104210
784162
401464
193218
193120
742559
264785
255467
723524
152554
289863
61206
974657
683643
829063
939437
363771
589664
79287
708545
410135
163991
368983
571365
420858
611297
99720
558376
877811
31219
876646
413955
803583
